{
 "cells": [
  {
   "cell_type": "code",
   "execution_count": 4,
   "metadata": {},
   "outputs": [],
   "source": [
    "import json\n",
    "import pandas as pd\n",
    "import numpy as np\n",
    "import pickle\n",
    "from nltk.metrics import agreement\n",
    "from nltk.metrics.agreement import AnnotationTask\n",
    "from nltk.metrics import masi_distance, jaccard_distance\n",
    "import matplotlib.pyplot as plt\n",
    "import seaborn as sns\n",
    "from collections import Counter\n",
    "from joblib import Parallel, delayed"
   ]
  },
  {
   "cell_type": "code",
   "execution_count": 6,
   "metadata": {},
   "outputs": [],
   "source": [
    "# Load the set of texts that every annotator labeled\n",
    "agreement_set = pd.read_pickle('agreement_set.pkl')"
   ]
  },
  {
   "cell_type": "code",
   "execution_count": 8,
   "metadata": {},
   "outputs": [
    {
     "data": {
      "text/html": [
       "<div>\n",
       "<style scoped>\n",
       "    .dataframe tbody tr th:only-of-type {\n",
       "        vertical-align: middle;\n",
       "    }\n",
       "\n",
       "    .dataframe tbody tr th {\n",
       "        vertical-align: top;\n",
       "    }\n",
       "\n",
       "    .dataframe thead th {\n",
       "        text-align: right;\n",
       "    }\n",
       "</style>\n",
       "<table border=\"1\" class=\"dataframe\">\n",
       "  <thead>\n",
       "    <tr style=\"text-align: right;\">\n",
       "      <th></th>\n",
       "      <th>danique</th>\n",
       "      <th>julian</th>\n",
       "      <th>jasper</th>\n",
       "      <th>fabrice</th>\n",
       "      <th>max</th>\n",
       "      <th>anita</th>\n",
       "      <th>connie</th>\n",
       "      <th>eva</th>\n",
       "      <th>imke</th>\n",
       "      <th>jan</th>\n",
       "      <th>joey</th>\n",
       "      <th>nina</th>\n",
       "      <th>ruud</th>\n",
       "      <th>walter</th>\n",
       "      <th>lino</th>\n",
       "      <th>stijn</th>\n",
       "    </tr>\n",
       "    <tr>\n",
       "      <th>text</th>\n",
       "      <th></th>\n",
       "      <th></th>\n",
       "      <th></th>\n",
       "      <th></th>\n",
       "      <th></th>\n",
       "      <th></th>\n",
       "      <th></th>\n",
       "      <th></th>\n",
       "      <th></th>\n",
       "      <th></th>\n",
       "      <th></th>\n",
       "      <th></th>\n",
       "      <th></th>\n",
       "      <th></th>\n",
       "      <th></th>\n",
       "      <th></th>\n",
       "    </tr>\n",
       "  </thead>\n",
       "  <tbody>\n",
       "    <tr>\n",
       "      <th>Heel erg slecht bestelling naar belgie in  de plaats naar nederland heel erg slordig</th>\n",
       "      <td>[Boosheid (woede)]</td>\n",
       "      <td>[Walging]</td>\n",
       "      <td>[Walging]</td>\n",
       "      <td>[Boosheid (woede), Walging]</td>\n",
       "      <td>[Boosheid (woede)]</td>\n",
       "      <td>[Geen Emoti]</td>\n",
       "      <td>[Boosheid (woede)]</td>\n",
       "      <td>[Vreugde]</td>\n",
       "      <td>[Boosheid (woede)]</td>\n",
       "      <td>[Boosheid (woede)]</td>\n",
       "      <td>[Anticipatie, Niet Bruikbaar]</td>\n",
       "      <td>[Boosheid (woede)]</td>\n",
       "      <td>[Boosheid (woede)]</td>\n",
       "      <td>[Vreugde]</td>\n",
       "      <td>[Boosheid (woede), Niet Bruikbaar]</td>\n",
       "      <td>[Boosheid (woede)]</td>\n",
       "    </tr>\n",
       "    <tr>\n",
       "      <th>Als het mogelijk was. Had ik liever minder dan 1 ster gegeven. Pakket is gewoon in de voortuin gelegd. Heb op de beveiligingscamera kunnen zien dat de bezorger niet eens de moeite neemt om bij de buren na te vragen of iets dergelijks. Dit is echt de meest belachelijke en asosiale bezorg service die ik ooit gehad hebt.</th>\n",
       "      <td>[Boosheid (woede)]</td>\n",
       "      <td>[Boosheid (woede), Walging]</td>\n",
       "      <td>[Boosheid (woede), Walging]</td>\n",
       "      <td>[Boosheid (woede), Walging]</td>\n",
       "      <td>[Boosheid (woede), Walging]</td>\n",
       "      <td>[Geen Emoti]</td>\n",
       "      <td>[Boosheid (woede)]</td>\n",
       "      <td>[Vreugde]</td>\n",
       "      <td>[Walging, Boosheid (woede)]</td>\n",
       "      <td>[Boosheid (woede), Walging]</td>\n",
       "      <td>[Boosheid (woede), Walging]</td>\n",
       "      <td>[Verassing]</td>\n",
       "      <td>[Aanvaarding, Boosheid (woede), Walging]</td>\n",
       "      <td>[Walging, Verdriet]</td>\n",
       "      <td>[Boosheid (woede), Walging]</td>\n",
       "      <td>[Walging, Boosheid (woede)]</td>\n",
       "    </tr>\n",
       "  </tbody>\n",
       "</table>\n",
       "</div>"
      ],
      "text/plain": [
       "                                                               danique  \\\n",
       "text                                                                     \n",
       "Heel erg slecht bestelling naar belgie in  de p...  [Boosheid (woede)]   \n",
       "Als het mogelijk was. Had ik liever minder dan ...  [Boosheid (woede)]   \n",
       "\n",
       "                                                                         julian  \\\n",
       "text                                                                              \n",
       "Heel erg slecht bestelling naar belgie in  de p...                    [Walging]   \n",
       "Als het mogelijk was. Had ik liever minder dan ...  [Boosheid (woede), Walging]   \n",
       "\n",
       "                                                                         jasper  \\\n",
       "text                                                                              \n",
       "Heel erg slecht bestelling naar belgie in  de p...                    [Walging]   \n",
       "Als het mogelijk was. Had ik liever minder dan ...  [Boosheid (woede), Walging]   \n",
       "\n",
       "                                                                        fabrice  \\\n",
       "text                                                                              \n",
       "Heel erg slecht bestelling naar belgie in  de p...  [Boosheid (woede), Walging]   \n",
       "Als het mogelijk was. Had ik liever minder dan ...  [Boosheid (woede), Walging]   \n",
       "\n",
       "                                                                            max  \\\n",
       "text                                                                              \n",
       "Heel erg slecht bestelling naar belgie in  de p...           [Boosheid (woede)]   \n",
       "Als het mogelijk was. Had ik liever minder dan ...  [Boosheid (woede), Walging]   \n",
       "\n",
       "                                                           anita  \\\n",
       "text                                                               \n",
       "Heel erg slecht bestelling naar belgie in  de p...  [Geen Emoti]   \n",
       "Als het mogelijk was. Had ik liever minder dan ...  [Geen Emoti]   \n",
       "\n",
       "                                                                connie  \\\n",
       "text                                                                     \n",
       "Heel erg slecht bestelling naar belgie in  de p...  [Boosheid (woede)]   \n",
       "Als het mogelijk was. Had ik liever minder dan ...  [Boosheid (woede)]   \n",
       "\n",
       "                                                          eva  \\\n",
       "text                                                            \n",
       "Heel erg slecht bestelling naar belgie in  de p...  [Vreugde]   \n",
       "Als het mogelijk was. Had ik liever minder dan ...  [Vreugde]   \n",
       "\n",
       "                                                                           imke  \\\n",
       "text                                                                              \n",
       "Heel erg slecht bestelling naar belgie in  de p...           [Boosheid (woede)]   \n",
       "Als het mogelijk was. Had ik liever minder dan ...  [Walging, Boosheid (woede)]   \n",
       "\n",
       "                                                                            jan  \\\n",
       "text                                                                              \n",
       "Heel erg slecht bestelling naar belgie in  de p...           [Boosheid (woede)]   \n",
       "Als het mogelijk was. Had ik liever minder dan ...  [Boosheid (woede), Walging]   \n",
       "\n",
       "                                                                             joey  \\\n",
       "text                                                                                \n",
       "Heel erg slecht bestelling naar belgie in  de p...  [Anticipatie, Niet Bruikbaar]   \n",
       "Als het mogelijk was. Had ik liever minder dan ...    [Boosheid (woede), Walging]   \n",
       "\n",
       "                                                                  nina  \\\n",
       "text                                                                     \n",
       "Heel erg slecht bestelling naar belgie in  de p...  [Boosheid (woede)]   \n",
       "Als het mogelijk was. Had ik liever minder dan ...         [Verassing]   \n",
       "\n",
       "                                                                                        ruud  \\\n",
       "text                                                                                           \n",
       "Heel erg slecht bestelling naar belgie in  de p...                        [Boosheid (woede)]   \n",
       "Als het mogelijk was. Had ik liever minder dan ...  [Aanvaarding, Boosheid (woede), Walging]   \n",
       "\n",
       "                                                                 walter  \\\n",
       "text                                                                      \n",
       "Heel erg slecht bestelling naar belgie in  de p...            [Vreugde]   \n",
       "Als het mogelijk was. Had ik liever minder dan ...  [Walging, Verdriet]   \n",
       "\n",
       "                                                                                  lino  \\\n",
       "text                                                                                     \n",
       "Heel erg slecht bestelling naar belgie in  de p...  [Boosheid (woede), Niet Bruikbaar]   \n",
       "Als het mogelijk was. Had ik liever minder dan ...         [Boosheid (woede), Walging]   \n",
       "\n",
       "                                                                          stijn  \n",
       "text                                                                             \n",
       "Heel erg slecht bestelling naar belgie in  de p...           [Boosheid (woede)]  \n",
       "Als het mogelijk was. Had ik liever minder dan ...  [Walging, Boosheid (woede)]  "
      ]
     },
     "execution_count": 8,
     "metadata": {},
     "output_type": "execute_result"
    }
   ],
   "source": [
    "agreement_set.head(2)"
   ]
  },
  {
   "cell_type": "code",
   "execution_count": null,
   "metadata": {},
   "outputs": [],
   "source": [
    "def triples_list(annotator_dataframe, annotators):\n",
    "    '''\n",
    "    Transform the annotations in the format as required by the NLTK package\n",
    "    '''\n",
    "    annotations = []\n",
    "    for text, row in annotator_dataframe.iterrows():\n",
    "        for annotator in annotators:\n",
    "            annotations.append((annotator, text, frozenset(row[annotator])))\n",
    "    \n",
    "    return annotations\n",
    "        \n",
    "def calculate_agreement(annotator_dataframe, annotators, distance_metric):\n",
    "    '''\n",
    "    Calculates several agreement metrics, and plots a pairwise agreement heatmap.\n",
    "    '''\n",
    "    annotations = triples_list(annotator_dataframe, annotators)\n",
    "\n",
    "    annotation_task = AnnotationTask(data = annotations, distance = distance_metric)\n",
    "    \n",
    "    # Single-metric evaluation of the annotation task\n",
    "    print(f\"Krippendorf's alpha: {annotation_task.alpha()} (Krippendorff, 1980)\")\n",
    "    print(f\"Multi-Kappa: {annotation_task.multi_kappa()} (Fleiss & Davies, 1982)\")\n",
    "    print(f\"Cohen's kappa (Naïve average over pairwise kappa's): {annotation_task.multi_kappa()}\")\n",
    "    print(f\"Weighted Kappa (Cohen 1968): {annotation_task.weighted_kappa()}\")\n",
    "    \n",
    "    # Calculate pairwise agreements\n",
    "    pairwise_kappa_df = pd.DataFrame()\n",
    "    pairwise_kappa_df['names'] = annotators\n",
    "    for annotator in annotators:\n",
    "        column = [annotation_task.kappa_pairwise(annotator, mate) if annotator != mate else 1 for mate in annotators]\n",
    "        pairwise_kappa_df[annotator] = column\n",
    "        \n",
    "    pairwise_kappa = pairwise_kappa_df.set_index('names')\n",
    "    \n",
    "    # Generate a mask for the upper triangle\n",
    "    mask = np.triu(np.ones_like(pairwise_kappa, dtype=bool))\n",
    "\n",
    "    # Set up the matplotlib figure\n",
    "    f, ax = plt.subplots(figsize=(11, 9))\n",
    "\n",
    "    # Generate a custom diverging colormap\n",
    "    cmap = sns.light_palette('purple')\n",
    "    #cmap = sns.diverging_palette(230, 20, as_cmap=True)\n",
    "\n",
    "    # Draw the heatmap with the mask and correct aspect ratio\n",
    "    sns.heatmap(pairwise_kappa, mask=mask, vmax=0.6, vmin=0.3, center=0,\n",
    "                square=True, linewidths=.5, cbar_kws={\"shrink\": .5})\n",
    "    \n",
    "    return pairwise_kappa"
   ]
  },
  {
   "cell_type": "code",
   "execution_count": 37,
   "metadata": {},
   "outputs": [
    {
     "name": "stdout",
     "output_type": "stream",
     "text": [
      "Krippendorf's alpha: 0.2319761465034944 (Krippendorff, 1980)\n",
      "Multi-Kappa: 0.28556463398031356 (Fleiss & Davies, 1982)\n",
      "Cohen's kappa (Naïve average over pairwise kappa's): 0.28556463398031356\n",
      "Weighted Kappa (Cohen 1968): 0.2363774392401511\n"
     ]
    },
    {
     "data": {
      "text/html": [
       "<div>\n",
       "<style scoped>\n",
       "    .dataframe tbody tr th:only-of-type {\n",
       "        vertical-align: middle;\n",
       "    }\n",
       "\n",
       "    .dataframe tbody tr th {\n",
       "        vertical-align: top;\n",
       "    }\n",
       "\n",
       "    .dataframe thead th {\n",
       "        text-align: right;\n",
       "    }\n",
       "</style>\n",
       "<table border=\"1\" class=\"dataframe\">\n",
       "  <thead>\n",
       "    <tr style=\"text-align: right;\">\n",
       "      <th></th>\n",
       "      <th>danique</th>\n",
       "      <th>julian</th>\n",
       "      <th>jasper</th>\n",
       "      <th>fabrice</th>\n",
       "      <th>max</th>\n",
       "      <th>anita</th>\n",
       "      <th>connie</th>\n",
       "      <th>eva</th>\n",
       "      <th>imke</th>\n",
       "      <th>jan</th>\n",
       "      <th>joey</th>\n",
       "      <th>nina</th>\n",
       "      <th>ruud</th>\n",
       "      <th>walter</th>\n",
       "      <th>lino</th>\n",
       "      <th>stijn</th>\n",
       "    </tr>\n",
       "    <tr>\n",
       "      <th>names</th>\n",
       "      <th></th>\n",
       "      <th></th>\n",
       "      <th></th>\n",
       "      <th></th>\n",
       "      <th></th>\n",
       "      <th></th>\n",
       "      <th></th>\n",
       "      <th></th>\n",
       "      <th></th>\n",
       "      <th></th>\n",
       "      <th></th>\n",
       "      <th></th>\n",
       "      <th></th>\n",
       "      <th></th>\n",
       "      <th></th>\n",
       "      <th></th>\n",
       "    </tr>\n",
       "  </thead>\n",
       "  <tbody>\n",
       "    <tr>\n",
       "      <th>danique</th>\n",
       "      <td>1.000000</td>\n",
       "      <td>0.539148</td>\n",
       "      <td>0.707478</td>\n",
       "      <td>0.537406</td>\n",
       "      <td>0.338246</td>\n",
       "      <td>0.139011</td>\n",
       "      <td>0.362145</td>\n",
       "      <td>0.068516</td>\n",
       "      <td>0.609157</td>\n",
       "      <td>0.529396</td>\n",
       "      <td>0.140351</td>\n",
       "      <td>0.121179</td>\n",
       "      <td>0.506695</td>\n",
       "      <td>0.159488</td>\n",
       "      <td>0.421412</td>\n",
       "      <td>0.520742</td>\n",
       "    </tr>\n",
       "    <tr>\n",
       "      <th>julian</th>\n",
       "      <td>0.539148</td>\n",
       "      <td>1.000000</td>\n",
       "      <td>0.583126</td>\n",
       "      <td>0.637043</td>\n",
       "      <td>0.418464</td>\n",
       "      <td>0.192125</td>\n",
       "      <td>0.305965</td>\n",
       "      <td>0.095689</td>\n",
       "      <td>0.613527</td>\n",
       "      <td>0.488883</td>\n",
       "      <td>0.108362</td>\n",
       "      <td>0.096679</td>\n",
       "      <td>0.427879</td>\n",
       "      <td>0.277363</td>\n",
       "      <td>0.564389</td>\n",
       "      <td>0.476813</td>\n",
       "    </tr>\n",
       "    <tr>\n",
       "      <th>jasper</th>\n",
       "      <td>0.707478</td>\n",
       "      <td>0.583126</td>\n",
       "      <td>1.000000</td>\n",
       "      <td>0.510673</td>\n",
       "      <td>0.432576</td>\n",
       "      <td>0.136878</td>\n",
       "      <td>0.402073</td>\n",
       "      <td>0.104414</td>\n",
       "      <td>0.580982</td>\n",
       "      <td>0.473663</td>\n",
       "      <td>0.144518</td>\n",
       "      <td>0.146556</td>\n",
       "      <td>0.455808</td>\n",
       "      <td>0.202916</td>\n",
       "      <td>0.375763</td>\n",
       "      <td>0.610827</td>\n",
       "    </tr>\n",
       "    <tr>\n",
       "      <th>fabrice</th>\n",
       "      <td>0.537406</td>\n",
       "      <td>0.637043</td>\n",
       "      <td>0.510673</td>\n",
       "      <td>1.000000</td>\n",
       "      <td>0.366403</td>\n",
       "      <td>0.169996</td>\n",
       "      <td>0.355862</td>\n",
       "      <td>0.108115</td>\n",
       "      <td>0.523575</td>\n",
       "      <td>0.499116</td>\n",
       "      <td>0.135130</td>\n",
       "      <td>0.110336</td>\n",
       "      <td>0.478970</td>\n",
       "      <td>0.257828</td>\n",
       "      <td>0.574608</td>\n",
       "      <td>0.557618</td>\n",
       "    </tr>\n",
       "    <tr>\n",
       "      <th>max</th>\n",
       "      <td>0.338246</td>\n",
       "      <td>0.418464</td>\n",
       "      <td>0.432576</td>\n",
       "      <td>0.366403</td>\n",
       "      <td>1.000000</td>\n",
       "      <td>0.177878</td>\n",
       "      <td>0.246627</td>\n",
       "      <td>0.141470</td>\n",
       "      <td>0.379183</td>\n",
       "      <td>0.374685</td>\n",
       "      <td>0.121592</td>\n",
       "      <td>0.131723</td>\n",
       "      <td>0.315730</td>\n",
       "      <td>0.231217</td>\n",
       "      <td>0.309762</td>\n",
       "      <td>0.469450</td>\n",
       "    </tr>\n",
       "    <tr>\n",
       "      <th>anita</th>\n",
       "      <td>0.139011</td>\n",
       "      <td>0.192125</td>\n",
       "      <td>0.136878</td>\n",
       "      <td>0.169996</td>\n",
       "      <td>0.177878</td>\n",
       "      <td>1.000000</td>\n",
       "      <td>0.150641</td>\n",
       "      <td>0.108366</td>\n",
       "      <td>0.186418</td>\n",
       "      <td>0.147653</td>\n",
       "      <td>0.109793</td>\n",
       "      <td>0.234101</td>\n",
       "      <td>0.127337</td>\n",
       "      <td>0.147876</td>\n",
       "      <td>0.169519</td>\n",
       "      <td>0.137647</td>\n",
       "    </tr>\n",
       "    <tr>\n",
       "      <th>connie</th>\n",
       "      <td>0.362145</td>\n",
       "      <td>0.305965</td>\n",
       "      <td>0.402073</td>\n",
       "      <td>0.355862</td>\n",
       "      <td>0.246627</td>\n",
       "      <td>0.150641</td>\n",
       "      <td>1.000000</td>\n",
       "      <td>0.074733</td>\n",
       "      <td>0.324015</td>\n",
       "      <td>0.436194</td>\n",
       "      <td>0.070650</td>\n",
       "      <td>0.000751</td>\n",
       "      <td>0.414094</td>\n",
       "      <td>0.111534</td>\n",
       "      <td>0.386268</td>\n",
       "      <td>0.350244</td>\n",
       "    </tr>\n",
       "    <tr>\n",
       "      <th>eva</th>\n",
       "      <td>0.068516</td>\n",
       "      <td>0.095689</td>\n",
       "      <td>0.104414</td>\n",
       "      <td>0.108115</td>\n",
       "      <td>0.141470</td>\n",
       "      <td>0.108366</td>\n",
       "      <td>0.074733</td>\n",
       "      <td>1.000000</td>\n",
       "      <td>0.072577</td>\n",
       "      <td>0.091889</td>\n",
       "      <td>0.145849</td>\n",
       "      <td>0.119958</td>\n",
       "      <td>0.092924</td>\n",
       "      <td>0.135256</td>\n",
       "      <td>0.096774</td>\n",
       "      <td>0.090112</td>\n",
       "    </tr>\n",
       "    <tr>\n",
       "      <th>imke</th>\n",
       "      <td>0.609157</td>\n",
       "      <td>0.613527</td>\n",
       "      <td>0.580982</td>\n",
       "      <td>0.523575</td>\n",
       "      <td>0.379183</td>\n",
       "      <td>0.186418</td>\n",
       "      <td>0.324015</td>\n",
       "      <td>0.072577</td>\n",
       "      <td>1.000000</td>\n",
       "      <td>0.547184</td>\n",
       "      <td>0.080079</td>\n",
       "      <td>0.169924</td>\n",
       "      <td>0.537747</td>\n",
       "      <td>0.266043</td>\n",
       "      <td>0.432787</td>\n",
       "      <td>0.488036</td>\n",
       "    </tr>\n",
       "    <tr>\n",
       "      <th>jan</th>\n",
       "      <td>0.529396</td>\n",
       "      <td>0.488883</td>\n",
       "      <td>0.473663</td>\n",
       "      <td>0.499116</td>\n",
       "      <td>0.374685</td>\n",
       "      <td>0.147653</td>\n",
       "      <td>0.436194</td>\n",
       "      <td>0.091889</td>\n",
       "      <td>0.547184</td>\n",
       "      <td>1.000000</td>\n",
       "      <td>0.115736</td>\n",
       "      <td>0.091590</td>\n",
       "      <td>0.493000</td>\n",
       "      <td>0.183249</td>\n",
       "      <td>0.493260</td>\n",
       "      <td>0.437307</td>\n",
       "    </tr>\n",
       "    <tr>\n",
       "      <th>joey</th>\n",
       "      <td>0.140351</td>\n",
       "      <td>0.108362</td>\n",
       "      <td>0.144518</td>\n",
       "      <td>0.135130</td>\n",
       "      <td>0.121592</td>\n",
       "      <td>0.109793</td>\n",
       "      <td>0.070650</td>\n",
       "      <td>0.145849</td>\n",
       "      <td>0.080079</td>\n",
       "      <td>0.115736</td>\n",
       "      <td>1.000000</td>\n",
       "      <td>0.064532</td>\n",
       "      <td>0.101714</td>\n",
       "      <td>0.175316</td>\n",
       "      <td>0.143078</td>\n",
       "      <td>0.123537</td>\n",
       "    </tr>\n",
       "    <tr>\n",
       "      <th>nina</th>\n",
       "      <td>0.121179</td>\n",
       "      <td>0.096679</td>\n",
       "      <td>0.146556</td>\n",
       "      <td>0.110336</td>\n",
       "      <td>0.131723</td>\n",
       "      <td>0.234101</td>\n",
       "      <td>0.000751</td>\n",
       "      <td>0.119958</td>\n",
       "      <td>0.169924</td>\n",
       "      <td>0.091590</td>\n",
       "      <td>0.064532</td>\n",
       "      <td>1.000000</td>\n",
       "      <td>0.100998</td>\n",
       "      <td>0.142455</td>\n",
       "      <td>0.105039</td>\n",
       "      <td>0.184719</td>\n",
       "    </tr>\n",
       "    <tr>\n",
       "      <th>ruud</th>\n",
       "      <td>0.506695</td>\n",
       "      <td>0.427879</td>\n",
       "      <td>0.455808</td>\n",
       "      <td>0.478970</td>\n",
       "      <td>0.315730</td>\n",
       "      <td>0.127337</td>\n",
       "      <td>0.414094</td>\n",
       "      <td>0.092924</td>\n",
       "      <td>0.537747</td>\n",
       "      <td>0.493000</td>\n",
       "      <td>0.101714</td>\n",
       "      <td>0.100998</td>\n",
       "      <td>1.000000</td>\n",
       "      <td>0.126066</td>\n",
       "      <td>0.471248</td>\n",
       "      <td>0.456461</td>\n",
       "    </tr>\n",
       "    <tr>\n",
       "      <th>walter</th>\n",
       "      <td>0.159488</td>\n",
       "      <td>0.277363</td>\n",
       "      <td>0.202916</td>\n",
       "      <td>0.257828</td>\n",
       "      <td>0.231217</td>\n",
       "      <td>0.147876</td>\n",
       "      <td>0.111534</td>\n",
       "      <td>0.135256</td>\n",
       "      <td>0.266043</td>\n",
       "      <td>0.183249</td>\n",
       "      <td>0.175316</td>\n",
       "      <td>0.142455</td>\n",
       "      <td>0.126066</td>\n",
       "      <td>1.000000</td>\n",
       "      <td>0.163403</td>\n",
       "      <td>0.152526</td>\n",
       "    </tr>\n",
       "    <tr>\n",
       "      <th>lino</th>\n",
       "      <td>0.421412</td>\n",
       "      <td>0.564389</td>\n",
       "      <td>0.375763</td>\n",
       "      <td>0.574608</td>\n",
       "      <td>0.309762</td>\n",
       "      <td>0.169519</td>\n",
       "      <td>0.386268</td>\n",
       "      <td>0.096774</td>\n",
       "      <td>0.432787</td>\n",
       "      <td>0.493260</td>\n",
       "      <td>0.143078</td>\n",
       "      <td>0.105039</td>\n",
       "      <td>0.471248</td>\n",
       "      <td>0.163403</td>\n",
       "      <td>1.000000</td>\n",
       "      <td>0.456989</td>\n",
       "    </tr>\n",
       "    <tr>\n",
       "      <th>stijn</th>\n",
       "      <td>0.520742</td>\n",
       "      <td>0.476813</td>\n",
       "      <td>0.610827</td>\n",
       "      <td>0.557618</td>\n",
       "      <td>0.469450</td>\n",
       "      <td>0.137647</td>\n",
       "      <td>0.350244</td>\n",
       "      <td>0.090112</td>\n",
       "      <td>0.488036</td>\n",
       "      <td>0.437307</td>\n",
       "      <td>0.123537</td>\n",
       "      <td>0.184719</td>\n",
       "      <td>0.456461</td>\n",
       "      <td>0.152526</td>\n",
       "      <td>0.456989</td>\n",
       "      <td>1.000000</td>\n",
       "    </tr>\n",
       "  </tbody>\n",
       "</table>\n",
       "</div>"
      ],
      "text/plain": [
       "          danique    julian    jasper   fabrice       max     anita    connie  \\\n",
       "names                                                                           \n",
       "danique  1.000000  0.539148  0.707478  0.537406  0.338246  0.139011  0.362145   \n",
       "julian   0.539148  1.000000  0.583126  0.637043  0.418464  0.192125  0.305965   \n",
       "jasper   0.707478  0.583126  1.000000  0.510673  0.432576  0.136878  0.402073   \n",
       "fabrice  0.537406  0.637043  0.510673  1.000000  0.366403  0.169996  0.355862   \n",
       "max      0.338246  0.418464  0.432576  0.366403  1.000000  0.177878  0.246627   \n",
       "anita    0.139011  0.192125  0.136878  0.169996  0.177878  1.000000  0.150641   \n",
       "connie   0.362145  0.305965  0.402073  0.355862  0.246627  0.150641  1.000000   \n",
       "eva      0.068516  0.095689  0.104414  0.108115  0.141470  0.108366  0.074733   \n",
       "imke     0.609157  0.613527  0.580982  0.523575  0.379183  0.186418  0.324015   \n",
       "jan      0.529396  0.488883  0.473663  0.499116  0.374685  0.147653  0.436194   \n",
       "joey     0.140351  0.108362  0.144518  0.135130  0.121592  0.109793  0.070650   \n",
       "nina     0.121179  0.096679  0.146556  0.110336  0.131723  0.234101  0.000751   \n",
       "ruud     0.506695  0.427879  0.455808  0.478970  0.315730  0.127337  0.414094   \n",
       "walter   0.159488  0.277363  0.202916  0.257828  0.231217  0.147876  0.111534   \n",
       "lino     0.421412  0.564389  0.375763  0.574608  0.309762  0.169519  0.386268   \n",
       "stijn    0.520742  0.476813  0.610827  0.557618  0.469450  0.137647  0.350244   \n",
       "\n",
       "              eva      imke       jan      joey      nina      ruud    walter  \\\n",
       "names                                                                           \n",
       "danique  0.068516  0.609157  0.529396  0.140351  0.121179  0.506695  0.159488   \n",
       "julian   0.095689  0.613527  0.488883  0.108362  0.096679  0.427879  0.277363   \n",
       "jasper   0.104414  0.580982  0.473663  0.144518  0.146556  0.455808  0.202916   \n",
       "fabrice  0.108115  0.523575  0.499116  0.135130  0.110336  0.478970  0.257828   \n",
       "max      0.141470  0.379183  0.374685  0.121592  0.131723  0.315730  0.231217   \n",
       "anita    0.108366  0.186418  0.147653  0.109793  0.234101  0.127337  0.147876   \n",
       "connie   0.074733  0.324015  0.436194  0.070650  0.000751  0.414094  0.111534   \n",
       "eva      1.000000  0.072577  0.091889  0.145849  0.119958  0.092924  0.135256   \n",
       "imke     0.072577  1.000000  0.547184  0.080079  0.169924  0.537747  0.266043   \n",
       "jan      0.091889  0.547184  1.000000  0.115736  0.091590  0.493000  0.183249   \n",
       "joey     0.145849  0.080079  0.115736  1.000000  0.064532  0.101714  0.175316   \n",
       "nina     0.119958  0.169924  0.091590  0.064532  1.000000  0.100998  0.142455   \n",
       "ruud     0.092924  0.537747  0.493000  0.101714  0.100998  1.000000  0.126066   \n",
       "walter   0.135256  0.266043  0.183249  0.175316  0.142455  0.126066  1.000000   \n",
       "lino     0.096774  0.432787  0.493260  0.143078  0.105039  0.471248  0.163403   \n",
       "stijn    0.090112  0.488036  0.437307  0.123537  0.184719  0.456461  0.152526   \n",
       "\n",
       "             lino     stijn  \n",
       "names                        \n",
       "danique  0.421412  0.520742  \n",
       "julian   0.564389  0.476813  \n",
       "jasper   0.375763  0.610827  \n",
       "fabrice  0.574608  0.557618  \n",
       "max      0.309762  0.469450  \n",
       "anita    0.169519  0.137647  \n",
       "connie   0.386268  0.350244  \n",
       "eva      0.096774  0.090112  \n",
       "imke     0.432787  0.488036  \n",
       "jan      0.493260  0.437307  \n",
       "joey     0.143078  0.123537  \n",
       "nina     0.105039  0.184719  \n",
       "ruud     0.471248  0.456461  \n",
       "walter   0.163403  0.152526  \n",
       "lino     1.000000  0.456989  \n",
       "stijn    0.456989  1.000000  "
      ]
     },
     "execution_count": 37,
     "metadata": {},
     "output_type": "execute_result"
    },
    {
     "data": {
